program: codes/axbench/jmeint.n
illegal_paths: []

domains:
        v00: [-1, 1]
        v01: [-1, 1]
        v02: [-1, 1]
        v10: [-1, 1]
        v11: [-1, 1]
        v12: [-1, 1]
        v20: [-1, 1]
        v21: [-1, 1]
        v22: [-1, 1]
        u00: [-1, 1]
        u01: [-1, 1]
        u02: [-1, 1]
        u10: [-1, 1]
        u11: [-1, 1]
        u12: [-1, 1]
        u20: [-1, 1]
        u21: [-1, 1]
        u22: [-1, 1]

beta: 1.0

distribution:
  lllrrrll: 0.18736230682307797
  lllrrrlrl: 0.05312009690347861
  lllrrrlrrl: 0.053067255241486394
  lllrrrrll: 0.05303270492402995
  lllrrrrlrl: 0.025186165239941792
  lllrrrrlrrl: 0.025119096976643985
  lllrrrrrll: 0.052990025120113166
  lllrrrrrlrl: 0.025215634628360527
  lllrrrrrlrrl: 0.025203440398670018
  rrrrrrll: 0.1867434496662846
  rrrrrrlrl: 0.05294531294458129
  rrrrrrlrrl: 0.052861985708362806
  rrrrrrrll: 0.053383289027632126
  rrrrrrrlrl: 0.025203440398670018
  rrrrrrrlrrl: 0.025142469250217465
  rrrrrrrrll: 0.05291177881293239
  rrrrrrrrlrl: 0.025315220837499694
  rrrrrrrrlrrl: 0.025196327098017217
